http://www.darkcoding.net/credit-card-numbers/


Mastercard

5125287189177134
5460197194377376
5304122039753706
5270267362630003
5404225623160268
5196464726457550
5296049395527236
5585967612368078
5461227599898384
5491814283251030

VISA 16 digit

4281674817835980
4532330787367697
4929835752588573
4716157733702950
4485128695981618
4556247080783738
4929653939989709
4916715413591965
4716748737618307
4556235460379037

VISA 13 digit

4916466930800
4024007141167
4916174974223
4929780583064
4716603342194

American Express

376910988937344
341824414684911
372866457555443
378369184608282
341012309955709

Discover

6011345264523716
6011316609711043
6011046517652274

Diners Club

30301285451544
36794456121355
30234246101611

enRoute

214902703407865
201408633565900
214979486657775

JCB

3570988742728165
3582380760246898
3557837716559386

Voyager

869945227618473
869962552909849
869965311249092